999-----------------------------------
BEST : 19 41 13 25 14 18 47 12 46 51 27 48 6 24 43 7 23 26 8 31 28 3 20 35 36 29 21 34 30 9 50 16 2 22 1 32 11 38 5 49 10 39 33 45 15 44 37 17 4 42 40 19 dist : 445.987
999-----------------------------------
BEST : 40 19 41 13 25 14 6 27 48 23 24 43 7 26 8 31 28 3 20 35 36 29 21 34 30 39 10 49 9 50 16 2 22 1 32 11 38 5 12 46 51 47 18 4 17 37 44 15 45 33 42 40 dist : 449.388
999-----------------------------------
BEST : 14 25 13 41 19 40 42 44 15 45 33 39 10 49 5 38 11 32 1 22 2 16 50 9 30 34 21 29 20 35 36 3 28 31 8 26 7 23 24 43 48 6 27 51 46 12 47 4 17 37 18 14 dist : 445.529
999-----------------------------------
BEST : 18 47 12 46 51 27 6 48 23 24 43 7 26 8 31 28 3 20 35 36 22 1 32 11 38 5 49 9 50 16 2 29 21 34 30 10 39 33 45 15 44 37 17 4 41 19 42 40 13 25 14 18 dist : 446.156
999-----------------------------------
BEST : 25 14 18 47 12 46 51 27 48 6 43 24 23 7 26 8 31 28 3 20 35 36 29 21 34 50 16 2 22 1 32 11 38 5 49 9 30 10 39 33 45 15 44 37 17 4 41 19 42 40 13 25 dist : 455.368
999-----------------------------------
BEST : 19 41 13 25 14 24 43 7 23 48 27 51 46 12 47 4 18 6 8 26 31 28 3 20 35 36 29 21 34 30 9 50 16 2 22 1 32 11 38 5 49 10 39 33 45 15 44 37 17 42 40 19 dist : 448.705
999-----------------------------------
BEST : 47 12 46 51 27 48 6 14 25 13 41 19 40 42 44 15 45 33 10 39 30 34 50 9 49 5 38 11 32 1 22 2 16 21 29 20 35 36 3 28 31 8 26 7 23 24 43 18 4 17 37 47 dist : 452.036
999-----------------------------------
BEST : 43 24 23 7 26 8 31 28 3 36 35 20 29 21 34 30 39 10 49 9 50 16 2 22 1 32 11 38 5 12 47 18 4 17 37 44 15 45 33 42 40 19 41 13 25 14 6 27 51 46 48 43 dist : 455.234
999-----------------------------------
BEST : 37 17 4 18 47 12 46 51 27 6 48 23 7 43 24 14 25 13 41 19 40 42 44 15 45 33 39 10 49 9 50 34 30 16 2 29 21 20 35 36 3 28 31 8 26 22 1 32 11 38 5 37 dist : 445.633
999-----------------------------------
BEST : 19 41 13 25 14 18 4 17 37 44 15 45 33 39 10 49 5 38 11 32 1 22 2 16 50 9 30 34 21 29 20 35 36 3 28 31 8 26 7 23 24 43 6 48 27 51 46 12 47 42 40 19 dist : 447.039
999-----------------------------------
BEST : 40 19 41 13 25 14 6 27 48 23 24 43 7 26 8 31 28 3 36 35 20 29 21 34 30 39 10 49 9 50 16 2 22 1 32 11 38 5 47 12 46 51 18 4 17 37 44 15 45 33 42 40 dist : 451.305
999-----------------------------------
BEST : 19 41 13 25 14 18 4 47 12 46 51 27 48 6 24 43 7 23 26 8 31 28 3 20 35 36 29 21 34 50 16 2 22 1 32 11 38 5 49 9 30 10 39 33 45 15 44 37 17 42 40 19 dist : 446.067
999-----------------------------------
BEST : 23 7 43 24 14 6 48 27 51 46 12 47 4 18 25 13 41 19 40 42 17 37 44 15 45 33 39 10 49 9 50 16 2 22 1 32 11 38 5 30 34 21 29 20 35 36 3 28 31 8 26 23 dist : 446.297
999-----------------------------------
BEST : 4 17 37 44 15 45 33 39 10 49 5 38 11 32 1 22 2 16 50 9 30 34 21 29 20 35 36 3 28 31 8 26 7 23 24 43 25 14 6 48 27 51 46 12 47 18 13 41 19 42 40 4 dist : 452.04
999-----------------------------------
BEST : 5 38 11 32 1 22 2 16 50 34 21 29 20 35 36 3 28 31 8 26 7 23 24 43 6 48 27 51 46 12 47 4 18 14 25 13 41 19 40 42 44 37 17 15 45 33 39 30 10 49 9 5 dist : 447.828
999-----------------------------------
BEST : 40 19 41 13 25 18 47 12 46 51 27 6 14 24 43 7 23 48 8 26 31 28 3 20 35 36 29 21 34 50 16 2 22 1 32 11 38 5 49 9 30 10 39 33 45 15 44 37 17 4 42 40 dist : 444.873
999-----------------------------------
BEST : 20 35 36 3 28 31 8 26 7 23 24 43 18 4 47 12 46 51 27 48 6 14 25 13 41 19 40 42 44 37 17 15 45 33 39 10 49 5 38 11 32 1 22 2 16 50 9 30 34 21 29 20 dist : 450.384
999-----------------------------------
BEST : 42 17 37 44 15 45 33 10 39 30 34 50 9 49 5 38 11 32 1 22 2 16 21 29 20 35 36 3 28 31 8 26 7 23 24 43 6 48 27 51 46 12 47 4 18 25 14 13 41 19 40 42 dist : 447.546
999-----------------------------------
BEST : 40 19 41 13 25 14 18 4 17 37 44 15 45 33 39 10 30 34 50 9 49 5 38 11 32 1 22 2 16 21 29 20 35 36 3 28 31 8 26 7 23 24 43 6 48 27 51 46 12 47 42 40 dist : 448.302
999-----------------------------------
BEST : 19 41 13 18 4 47 12 46 51 27 48 6 14 25 24 43 7 23 26 8 31 28 3 20 35 36 29 21 34 50 16 2 22 1 32 11 38 5 49 9 30 10 39 33 45 15 44 37 17 42 40 19 dist : 447.443
999-----------------------------------
BEST : 40 19 41 13 25 14 18 4 47 12 46 51 27 48 6 24 43 7 23 26 8 31 28 3 20 35 36 29 21 34 50 16 2 22 1 32 11 38 5 49 9 30 10 39 33 45 15 44 37 17 42 40 dist : 446.067
999-----------------------------------
BEST : 40 19 41 13 4 18 47 12 46 51 27 48 6 14 25 43 24 23 7 26 8 31 28 3 20 35 36 22 1 32 11 38 5 49 9 50 16 2 29 21 34 30 39 10 33 45 15 44 37 17 42 40 dist : 452.842
999-----------------------------------
BEST : 15 45 33 39 10 30 34 50 16 2 22 1 32 11 38 5 49 9 21 29 20 35 36 3 28 31 8 26 7 23 24 43 6 48 27 51 46 12 47 4 18 14 25 13 41 19 40 42 44 37 17 15 dist : 445.154
999-----------------------------------
BEST : 22 1 32 11 38 5 49 9 50 16 2 29 21 34 30 10 39 33 45 15 44 37 17 4 47 12 46 51 27 6 14 25 13 41 19 42 40 18 24 43 7 23 48 8 26 31 28 3 36 35 20 22 dist : 455.148
999-----------------------------------
BEST : 19 41 13 25 14 6 27 51 46 12 47 4 18 24 43 7 23 48 8 26 31 28 3 20 35 36 22 1 32 11 38 5 49 9 50 16 2 29 21 34 30 10 39 33 45 15 44 37 17 42 40 19 dist : 446.886
999-----------------------------------
BEST : 17 37 44 15 45 33 39 10 30 34 50 9 49 5 38 11 32 1 22 2 16 21 29 20 35 36 3 28 31 8 26 7 43 24 23 48 27 51 46 12 47 4 18 6 14 25 13 41 19 42 40 17 dist : 449.301
999-----------------------------------
BEST : 10 49 5 38 11 32 1 22 2 16 50 9 30 34 21 29 20 35 36 3 28 31 8 26 7 23 24 43 6 48 27 51 46 12 47 4 18 25 14 13 41 19 40 42 17 37 44 15 45 33 39 10 dist : 445.307
999-----------------------------------
BEST : 14 25 13 41 19 40 42 17 37 44 15 45 33 39 10 30 34 50 9 49 5 38 11 32 1 22 2 16 21 29 20 35 36 3 28 31 8 26 7 23 24 43 48 6 27 51 46 12 47 18 4 14 dist : 447.338
999-----------------------------------
BEST : 19 41 13 25 18 4 47 12 46 51 27 48 6 14 24 43 7 23 8 26 31 28 3 36 35 20 29 21 34 50 16 2 22 1 32 11 38 5 49 9 30 10 39 33 45 15 44 37 17 42 40 19 dist : 441.507
999-----------------------------------
BEST : 47 12 46 51 27 48 6 14 25 13 41 19 40 42 44 15 45 33 39 10 49 5 38 11 32 1 22 2 16 50 9 30 34 21 29 20 35 36 3 28 31 8 26 7 23 24 43 18 4 17 37 47 dist : 449.797

AVG : 448