BEST : 47 12 46 51 27 48 23 7 43 24 14 25 13 41 19 40 42 44 15 45 33 39 10 49 5 38 11 32 1 22 2 16 50 9 30 34 21 29 20 35 36 3 28 31 8 26 6 18 4 17 37 47 dist : 445.133
999-----------------------------------
BEST : 23 24 14 25 13 41 19 40 42 44 15 45 33 39 10 49 5 38 11 32 1 22 2 16 50 9 30 34 21 29 20 35 36 3 28 31 8 26 7 43 48 27 46 51 47 12 37 17 4 18 6 23 dist : 450.773
999-----------------------------------
BEST : 40 19 41 13 25 14 6 48 27 51 46 12 47 4 18 24 43 7 23 26 8 31 28 3 36 35 20 29 21 34 50 16 2 22 1 32 11 38 5 49 9 30 10 39 33 45 15 44 37 17 42 40 dist : 445.898
999-----------------------------------
BEST : 4 18 47 12 46 51 27 48 6 14 25 24 43 23 7 26 8 31 28 3 36 35 20 29 21 34 30 9 50 16 2 22 1 32 11 38 5 49 10 39 33 45 15 44 37 17 42 19 41 13 40 4 dist : 446.006
999-----------------------------------
BEST : 19 41 13 25 14 6 27 51 46 12 47 4 18 24 43 7 23 48 8 26 31 28 3 20 35 36 22 1 32 11 38 5 49 9 50 16 2 29 21 34 30 10 39 33 45 15 44 37 17 42 40 19 dist : 446.886
999-----------------------------------
BEST : 40 19 41 13 25 14 18 4 17 37 44 15 45 33 10 39 30 34 50 9 49 5 38 11 32 1 22 2 16 21 29 20 35 36 3 28 31 8 26 7 23 24 43 6 48 27 51 46 12 47 42 40 dist : 449.278
999-----------------------------------
BEST : 18 4 47 12 46 51 27 48 23 7 26 8 31 28 3 20 35 36 29 21 34 30 9 50 16 2 22 1 32 11 38 5 49 10 39 33 45 15 44 37 17 42 40 19 41 13 25 14 24 43 6 18 dist : 452.331
999-----------------------------------
BEST : 14 25 13 41 19 40 42 44 15 45 33 39 10 30 34 50 9 49 5 38 11 32 1 22 2 16 21 29 20 35 36 3 28 31 8 26 7 23 24 43 6 48 27 51 46 12 47 4 17 37 18 14 dist : 447.752
999-----------------------------------
BEST : 4 17 37 44 15 45 33 39 10 30 34 50 16 2 22 1 32 11 38 5 49 9 21 29 20 35 36 3 28 31 8 26 7 23 24 43 48 6 27 51 46 12 47 18 14 25 13 41 19 40 42 4 dist : 444.862
999-----------------------------------
BEST : 12 46 51 27 48 6 14 25 13 41 19 40 42 44 15 45 33 10 39 30 34 50 9 49 5 38 11 32 1 22 2 16 21 29 20 35 36 3 28 31 8 26 7 23 43 24 18 47 4 17 37 12 dist : 443.523
999-----------------------------------
BEST : 40 19 41 13 25 14 18 47 12 46 51 27 48 6 24 43 7 23 26 8 31 28 3 20 35 36 29 21 34 50 16 2 22 1 32 11 38 5 49 9 30 39 10 33 45 15 44 37 17 4 42 40 dist : 449.009
999-----------------------------------
BEST : 40 19 41 13 25 14 24 43 7 23 48 8 26 31 28 3 20 35 36 29 21 34 30 9 50 16 2 22 1 32 11 38 5 49 10 39 33 45 15 44 37 17 4 47 12 46 51 27 6 18 42 40 dist : 449.378
999-----------------------------------
BEST : 19 41 13 18 4 47 12 46 51 27 48 6 14 25 24 43 7 23 26 8 31 28 3 20 35 36 22 1 32 11 38 5 49 9 50 16 2 29 21 34 30 10 39 33 45 15 44 37 17 42 40 19 dist : 445.945
999-----------------------------------
BEST : 44 15 45 33 10 39 30 34 50 9 49 5 38 11 32 1 22 2 16 21 29 20 35 36 3 28 31 26 8 48 23 7 43 24 14 25 13 41 19 42 40 47 12 46 51 27 6 18 4 17 37 44 dist : 451.529
999-----------------------------------
BEST : 22 1 32 11 38 5 49 9 50 16 2 29 21 34 30 10 39 33 45 15 44 37 17 4 47 12 46 51 27 48 23 7 43 24 14 25 13 41 19 40 42 18 6 8 26 31 28 3 36 35 20 22 dist : 453.399
999-----------------------------------
BEST : 19 41 13 4 18 47 12 46 51 27 48 6 14 25 24 43 7 23 26 8 31 28 3 36 35 20 29 21 34 30 9 50 16 2 22 1 32 11 38 5 49 10 39 33 45 15 44 37 17 42 40 19 dist : 438.997
999-----------------------------------
BEST : 19 41 13 14 25 18 4 47 12 46 51 27 48 6 24 43 7 23 26 8 31 28 3 20 35 36 29 21 34 30 9 50 16 2 22 1 32 11 38 5 49 10 39 33 45 15 44 37 17 42 40 19 dist : 450.138
999-----------------------------------
BEST : 17 37 44 15 45 33 39 10 49 9 50 34 30 5 38 11 32 1 22 2 16 21 29 20 35 36 3 28 31 8 26 7 23 24 43 48 6 27 51 46 12 47 4 18 14 25 13 41 19 40 42 17 dist : 447.891
999-----------------------------------
BEST : 18 47 12 46 51 27 48 6 24 43 23 7 26 8 31 28 3 20 35 36 29 21 34 30 9 50 16 2 22 1 32 11 38 5 49 10 39 33 45 15 44 37 17 4 41 19 42 40 13 25 14 18 dist : 447.51
999-----------------------------------
BEST : 19 41 13 4 18 47 12 46 51 27 48 6 14 25 43 24 23 7 26 8 31 28 3 20 35 36 29 21 34 50 16 2 22 1 32 11 38 5 49 9 30 10 39 33 45 15 44 37 17 42 40 19 dist : 453.364
999-----------------------------------
BEST : 47 12 46 51 27 48 6 14 25 13 41 19 40 42 44 15 45 33 39 10 30 34 50 9 49 5 38 11 32 1 22 2 16 21 29 20 35 36 3 28 31 8 26 7 23 24 43 18 4 17 37 47 dist : 451.059
999-----------------------------------
BEST : 18 47 12 46 51 27 6 14 24 43 7 23 48 8 26 31 28 3 20 35 36 22 1 32 11 38 5 49 9 50 16 2 29 21 34 30 10 39 33 45 15 44 37 17 4 41 19 42 40 13 25 18 dist : 448.277
999-----------------------------------
BEST : 19 41 13 25 14 6 27 51 46 12 47 4 18 24 43 7 23 48 8 26 31 28 3 20 35 36 29 21 34 30 9 50 16 2 22 1 32 11 38 5 49 10 39 33 45 15 44 37 17 42 40 19 dist : 446.339
999-----------------------------------
BEST : 4 18 14 25 13 41 19 40 42 44 15 45 33 39 10 30 34 50 16 9 49 5 38 11 32 1 22 2 29 21 20 35 36 3 28 31 8 26 7 23 24 43 6 48 27 51 46 12 47 17 37 4 dist : 448.384
999-----------------------------------
BEST : 42 19 41 13 25 14 18 47 12 46 51 27 6 48 23 24 43 7 26 8 31 28 3 20 35 36 29 21 34 50 16 2 22 1 32 11 38 5 49 9 30 10 39 33 45 15 44 37 17 4 40 42 dist : 449.634
999-----------------------------------
BEST : 41 19 42 17 37 44 15 45 33 39 10 49 5 38 11 32 1 22 2 16 50 9 30 34 21 29 20 35 36 3 28 31 8 26 7 23 24 43 6 48 27 51 46 12 47 4 18 14 25 13 40 41 dist : 442.261
999-----------------------------------
BEST : 47 18 4 17 37 44 15 45 33 39 10 49 5 38 11 32 1 22 2 16 50 9 30 34 21 29 20 35 36 3 28 31 8 26 7 23 43 24 14 25 13 41 19 40 42 12 46 51 27 48 6 47 dist : 447.165
999-----------------------------------
BEST : 12 47 4 18 14 25 13 41 19 40 42 44 15 45 33 39 10 49 5 38 11 32 1 22 2 16 50 9 30 34 21 29 20 35 36 3 28 31 8 26 7 23 24 43 6 48 27 51 46 37 17 12 dist : 447.666
999-----------------------------------
BEST : 4 17 37 44 15 45 33 39 10 49 5 38 11 32 1 22 2 16 50 9 30 34 21 29 20 35 36 3 28 31 8 26 7 23 24 43 6 48 27 51 46 12 47 18 25 14 13 41 19 40 42 4 dist : 447.273

AVG : 447.366