999-----------------------------------
BEST : 42 17 37 44 15 45 33 10 39 30 34 50 9 49 5 38 11 32 1 22 2 16 21 29 20 35 36 3 28 31 26 8 48 27 51 46 12 47 4 18 25 14 24 43 7 23 6 13 41 19 40 42 dist : 447.503
999-----------------------------------
BEST : 23 7 43 24 14 25 13 41 19 40 42 4 17 37 44 15 45 33 39 10 49 5 38 11 32 1 22 2 16 50 9 30 34 21 29 20 35 36 3 28 31 26 8 48 6 27 51 46 12 47 18 23 dist : 444.237
999-----------------------------------
BEST : 10 30 34 21 16 50 9 49 5 38 11 32 1 22 2 29 20 35 36 3 28 31 26 8 48 23 7 43 24 18 25 14 6 27 51 46 12 47 4 13 41 19 40 42 17 37 44 15 45 33 39 10 dist : 447.392
999-----------------------------------
BEST : 40 19 42 44 15 45 33 39 10 49 5 38 11 32 1 22 2 16 50 9 30 34 21 29 20 35 36 3 28 31 8 26 7 23 24 43 18 4 17 37 12 47 51 46 27 48 6 14 25 13 41 40 dist : 450.357
999-----------------------------------
BEST : 51 46 12 47 17 37 44 15 45 33 10 39 30 34 50 16 2 22 1 32 11 38 5 49 9 21 29 20 35 36 3 28 31 26 8 27 48 23 7 43 24 14 25 13 41 19 40 42 4 18 6 51 dist : 449.616
999-----------------------------------
BEST : 17 37 44 15 45 33 39 10 49 5 38 11 32 1 22 2 16 50 9 30 34 21 29 20 35 36 3 28 31 26 8 48 23 7 43 24 25 14 6 27 51 46 12 47 18 4 13 41 19 42 40 17 dist : 445.618
999-----------------------------------
BEST : 11 38 5 49 10 39 33 45 15 44 42 40 19 41 13 25 14 24 43 7 23 48 8 26 31 28 3 36 35 20 29 21 34 30 9 50 16 2 22 1 32 27 6 18 4 17 37 12 47 51 46 11 dist : 438.043
999-----------------------------------
BEST : 46 51 27 6 48 8 26 31 28 3 20 35 36 22 1 32 11 38 5 49 9 50 16 2 29 21 34 30 10 39 33 45 15 44 42 40 19 41 13 25 14 24 43 7 23 18 47 4 17 37 12 46 dist : 450.892
999-----------------------------------
BEST : 17 37 44 15 45 33 39 10 49 5 38 11 32 1 22 2 16 50 9 30 34 21 29 20 35 36 3 28 31 26 8 48 23 7 43 24 14 25 13 41 19 40 42 18 4 6 27 51 46 12 47 17 dist : 449.986
999-----------------------------------
BEST : 26 8 48 23 7 43 24 14 6 27 1 22 2 16 50 34 30 39 10 33 45 15 44 37 17 42 19 40 41 13 25 18 4 47 12 46 51 32 11 38 5 49 9 21 29 20 35 36 3 28 31 26 dist : 442.356
999-----------------------------------
BEST : 9 50 16 2 22 1 32 11 38 5 49 10 39 33 45 15 44 42 19 40 41 13 18 4 17 37 47 12 46 51 27 6 14 25 24 43 7 23 48 8 26 31 28 3 20 35 36 29 21 34 30 9 dist : 440.465
999-----------------------------------
BEST : 40 19 41 13 25 14 18 47 4 17 37 44 15 45 33 39 10 30 34 50 16 2 22 1 32 11 38 5 49 9 21 29 20 35 36 3 28 31 26 8 48 23 7 43 24 6 27 51 46 12 42 40 dist : 448.556
999-----------------------------------
BEST : 49 9 30 10 39 33 45 15 44 42 40 19 41 13 25 14 6 27 51 46 12 5 38 11 32 1 22 2 16 50 34 21 29 20 35 36 3 28 31 26 8 48 23 7 43 24 18 47 4 17 37 49 dist : 449.941
999-----------------------------------
BEST : 50 16 2 22 8 26 31 28 3 36 35 20 29 21 34 30 10 39 33 45 15 44 37 17 51 46 12 47 18 4 40 42 19 41 13 25 14 24 43 7 23 48 6 27 1 32 11 38 5 49 9 50 dist : 448.957
999-----------------------------------
BEST : 6 27 51 46 12 47 17 37 44 15 45 33 10 39 30 34 21 16 50 9 49 5 38 11 32 1 22 2 29 20 35 36 3 28 31 26 8 48 23 7 43 24 14 25 13 41 40 19 42 4 18 6 dist : 439.192
999-----------------------------------
BEST : 25 14 6 27 51 46 12 47 4 18 24 43 7 23 48 8 26 31 28 3 20 35 36 22 1 32 11 38 5 49 9 50 16 2 29 21 34 30 10 39 33 45 15 44 37 17 42 19 40 41 13 25 dist : 446.02
999-----------------------------------
BEST : 37 17 4 18 13 41 19 40 42 44 15 45 33 39 10 49 5 38 11 32 1 22 2 16 50 9 30 34 21 29 20 35 36 3 28 31 8 26 7 23 48 6 14 25 24 43 27 51 46 12 47 37 dist : 452.725
999-----------------------------------
BEST : 37 17 4 18 47 12 46 51 27 48 8 26 7 43 24 23 6 14 25 13 41 19 40 42 44 15 45 33 39 10 49 9 30 34 21 29 2 16 50 20 35 36 3 28 31 22 1 32 11 38 5 37 dist : 446.819
999-----------------------------------
BEST : 29 20 35 36 3 28 31 26 8 48 27 6 23 7 43 24 14 25 13 41 19 40 42 44 15 45 33 39 49 9 50 16 2 22 1 32 11 38 5 12 46 51 47 4 18 17 37 10 30 34 21 29 dist : 453.913
999-----------------------------------
BEST : 35 20 29 21 50 34 30 9 38 11 32 1 22 28 31 26 8 48 23 7 43 24 14 6 27 51 46 12 5 37 17 4 47 18 25 13 41 19 40 42 44 15 45 33 39 10 49 16 2 3 36 35 dist : 449.53
999-----------------------------------
BEST : 29 20 35 36 3 28 31 8 26 43 24 23 7 48 27 51 46 12 47 4 18 6 14 25 13 41 19 40 42 44 37 17 15 45 33 10 39 30 34 21 50 16 9 49 5 38 11 32 1 22 2 29 dist : 449.204
999-----------------------------------
BEST : 15 45 33 39 30 10 49 9 50 34 21 29 20 35 36 3 28 31 8 26 7 43 24 23 48 27 32 1 22 2 16 11 38 5 37 17 4 18 25 14 6 51 46 12 47 13 41 19 40 42 44 15 dist : 451.329
999-----------------------------------
BEST : 19 41 13 25 14 6 18 47 12 46 51 27 48 23 24 43 7 26 8 31 28 3 20 35 36 22 1 32 11 38 5 49 9 50 16 2 29 21 34 30 10 39 33 45 15 44 37 17 4 42 40 19 dist : 446.416
999-----------------------------------
BEST : 12 46 51 27 6 14 24 43 7 23 48 8 26 31 28 3 36 35 20 29 21 34 30 9 50 16 2 22 1 32 11 38 5 49 10 39 33 45 15 44 37 17 4 47 18 25 13 41 19 40 42 12 dist : 445.509
999-----------------------------------
BEST : 15 45 33 39 10 49 5 38 11 32 1 22 2 16 50 9 30 34 21 29 20 35 36 3 28 31 26 8 48 23 7 43 24 14 25 13 41 19 40 42 44 37 17 4 47 18 6 27 51 46 12 15 dist : 441.806
999-----------------------------------
BEST : 18 4 17 37 44 15 45 33 39 10 30 9 49 5 38 11 32 1 22 2 16 50 34 21 29 20 35 36 3 28 31 8 26 7 23 24 43 6 48 27 51 46 12 47 42 40 19 41 13 25 14 18 dist : 449.084
999-----------------------------------
BEST : 14 25 13 41 19 40 42 44 15 45 33 10 39 30 34 50 9 49 5 38 11 32 1 22 2 16 21 29 20 35 36 3 28 31 8 26 7 23 24 43 6 48 27 51 46 12 37 17 4 18 47 14 dist : 448.151
999-----------------------------------
BEST : 11 32 1 22 2 16 50 9 49 5 37 17 4 18 47 12 46 51 27 6 48 23 7 43 24 14 25 13 41 19 40 42 44 15 45 33 39 10 30 34 21 29 20 35 36 3 28 31 26 8 38 11 dist : 448.994
999-----------------------------------
BEST : 4 17 37 15 44 45 33 39 10 49 5 38 11 32 1 22 2 16 50 9 30 34 21 29 20 35 36 3 28 31 26 8 48 23 7 43 24 14 6 27 51 46 12 47 18 25 13 41 19 42 40 4 dist : 445.965
999-----------------------------------
BEST : 18 47 12 46 51 27 48 6 14 24 23 7 43 26 8 31 28 3 36 35 20 29 21 34 30 9 50 16 2 22 1 32 11 38 5 49 10 39 33 45 15 44 37 17 4 41 19 42 40 13 25 18 dist : 449.113

AVG : 446.733