999-----------------------------------
BEST : 47 12 46 51 27 6 14 25 13 41 19 40 42 44 15 45 33 39 10 30 34 50 9 49 38 5 11 32 1 22 2 16 21 29 20 35 36 3 28 31 26 8 48 23 7 43 24 18 4 17 37 47 dist : 444.889
999-----------------------------------
BEST : 40 19 41 13 4 18 47 12 46 51 27 6 14 25 24 43 7 23 48 8 26 31 28 3 20 35 36 22 1 32 11 38 5 49 9 50 16 2 29 21 34 30 10 39 33 45 15 44 37 17 42 40 dist : 442.03
999-----------------------------------
BEST : 4 18 47 12 46 51 27 6 14 24 43 7 23 48 8 26 31 28 3 20 35 36 22 1 32 11 38 5 49 9 50 16 2 29 21 34 30 10 39 33 45 15 44 37 17 42 19 41 40 13 25 4 dist : 451.243
999-----------------------------------
BEST : 40 19 41 13 25 14 18 4 17 37 44 15 45 33 39 10 30 34 50 9 49 5 38 11 32 1 22 2 16 21 29 20 35 36 3 28 31 8 26 7 23 24 43 48 6 27 51 46 12 47 42 40 dist : 447.341
999-----------------------------------
BEST : 51 46 12 47 4 17 37 44 15 45 33 39 10 30 34 50 9 49 5 38 11 32 1 22 2 16 21 29 20 35 36 3 28 31 26 8 48 23 7 43 24 14 25 13 41 19 42 40 18 6 27 51 dist : 447.491
999-----------------------------------
BEST : 19 41 13 25 14 18 47 12 46 51 27 48 6 24 43 7 23 26 8 31 28 3 36 35 20 29 21 34 30 9 50 16 2 22 1 32 11 38 5 49 10 39 33 45 15 44 37 17 4 42 40 19 dist : 438.723
999-----------------------------------
BEST : 13 25 14 6 48 27 51 46 12 47 4 18 24 43 23 7 26 8 31 28 3 20 35 36 22 1 32 11 38 5 49 9 50 16 2 29 21 34 30 10 39 33 45 15 44 37 17 42 19 41 40 13 dist : 451.355
999-----------------------------------
BEST : 19 41 13 25 14 24 43 7 23 48 27 6 18 47 12 46 51 32 11 38 5 49 9 50 16 2 22 1 8 26 31 28 3 20 35 36 29 21 34 30 10 39 33 45 15 44 37 17 4 42 40 19 dist : 448.799
999-----------------------------------
BEST : 19 41 13 18 4 47 12 46 51 27 6 14 25 24 43 7 23 48 8 26 31 28 3 36 35 20 29 2 16 50 9 49 5 38 11 32 1 22 21 34 30 10 39 33 45 15 44 37 17 42 40 19 dist : 449.092
999-----------------------------------
BEST : 18 47 12 46 51 27 48 6 24 43 7 23 26 8 31 28 3 20 35 36 22 1 32 11 38 5 49 9 50 16 2 29 21 34 30 10 39 33 45 15 44 37 17 4 41 19 42 40 13 25 14 18 dist : 451.436
999-----------------------------------
BEST : 19 41 13 25 14 18 47 12 46 51 27 48 6 24 23 7 43 26 8 31 28 3 20 35 36 29 21 34 50 16 2 22 1 32 11 38 5 49 9 30 10 39 33 45 15 44 37 17 4 42 40 19 dist : 451.901
999-----------------------------------
BEST : 4 18 14 25 13 41 19 40 42 44 15 45 33 39 10 49 5 38 11 32 1 22 2 16 50 9 30 34 21 29 20 35 36 3 28 31 8 26 7 23 24 43 6 48 27 51 46 12 47 17 37 4 dist : 441.947
999-----------------------------------
BEST : 19 41 13 25 14 6 27 51 46 12 47 4 17 37 44 15 45 33 39 10 49 5 38 11 32 1 22 2 16 50 9 30 34 21 29 20 35 36 3 28 31 26 8 48 23 7 43 24 18 40 42 19 dist : 452.217
999-----------------------------------
BEST : 40 19 41 13 25 14 18 4 17 37 44 15 45 33 10 39 30 34 50 9 49 5 38 11 32 1 22 2 16 21 29 20 35 36 3 28 31 8 26 7 23 24 43 6 48 27 51 46 12 47 42 40 dist : 449.278
999-----------------------------------
BEST : 40 19 41 13 25 14 6 27 51 46 12 47 4 18 24 43 7 23 48 8 26 31 28 3 20 35 36 22 1 32 11 38 5 49 9 50 16 2 29 21 34 30 39 10 33 45 15 44 37 17 42 40 dist : 447.862
999-----------------------------------
BEST : 19 41 13 25 14 18 4 47 12 46 51 27 48 6 24 43 7 23 26 8 31 28 3 20 35 36 29 2 22 1 32 11 38 5 49 9 50 16 21 34 30 10 39 33 45 15 44 37 17 42 40 19 dist : 446.894
999-----------------------------------
BEST : 13 25 14 18 4 47 12 46 51 27 6 48 23 24 43 7 26 8 31 28 3 20 35 36 29 21 34 50 16 2 22 1 32 11 38 5 49 9 30 10 39 33 45 15 44 37 17 42 40 19 41 13 dist : 440.786
999-----------------------------------
BEST : 11 38 5 49 9 50 16 2 22 1 32 27 48 6 14 25 13 41 19 40 42 44 15 45 33 39 10 30 34 21 29 20 35 36 3 28 31 8 26 7 23 24 43 18 4 17 37 12 47 51 46 11 dist : 453.566
999-----------------------------------
BEST : 17 37 44 15 45 33 39 30 34 50 9 49 10 5 38 11 32 1 22 2 16 21 29 20 35 36 3 28 31 8 26 7 43 24 23 48 6 27 51 46 12 47 4 18 25 14 13 41 19 40 42 17 dist : 445.26
999-----------------------------------
BEST : 40 19 41 13 25 14 6 27 51 46 12 47 4 18 24 43 7 23 48 8 26 31 28 3 20 35 36 29 21 34 30 9 50 16 2 22 1 32 11 38 5 49 10 39 33 45 15 44 37 17 42 40 dist : 446.339
999-----------------------------------
BEST : 6 14 25 13 41 19 40 42 17 37 44 15 45 33 10 39 30 34 50 9 49 5 38 11 32 1 22 2 16 21 29 20 35 36 3 28 31 8 26 7 23 24 43 18 4 47 12 46 51 27 48 6 dist : 451.326
999-----------------------------------
BEST : 19 41 13 25 14 24 43 7 23 48 27 6 18 4 47 12 46 51 32 11 38 5 49 9 50 16 2 22 1 8 26 31 28 3 20 35 36 29 21 34 30 10 39 33 45 15 44 37 17 42 40 19 dist : 446.834
999-----------------------------------
BEST : 18 47 12 46 51 27 48 8 26 31 28 22 1 32 11 38 5 49 9 50 16 2 20 35 36 3 29 21 34 30 39 10 33 45 15 44 37 17 4 41 19 42 40 13 25 14 24 43 7 23 6 18 dist : 450.972
999-----------------------------------
BEST : 19 41 13 25 14 18 47 12 46 51 27 48 6 43 24 23 7 26 8 31 28 3 20 35 36 29 21 34 30 9 50 16 2 22 1 32 11 38 5 49 10 39 33 45 15 44 37 17 4 42 40 19 dist : 448.421
999-----------------------------------
BEST : 22 1 32 11 38 5 49 9 50 34 30 39 10 33 45 15 44 37 17 4 18 14 25 13 41 19 40 42 47 12 46 51 27 48 6 24 43 7 23 26 8 31 28 3 20 35 36 29 21 16 2 22 dist : 454.109
999-----------------------------------
BEST : 40 19 41 13 25 14 6 27 51 46 12 47 4 18 24 43 7 23 48 8 26 31 28 3 20 35 36 29 21 34 50 16 2 22 1 32 11 38 5 49 9 30 10 39 33 45 15 44 37 17 42 40 dist : 448.384
999-----------------------------------
BEST : 18 47 12 46 51 27 48 6 14 24 43 7 23 26 8 31 28 3 20 35 36 29 21 34 30 9 50 16 2 22 1 32 11 38 5 49 10 39 33 45 15 44 37 17 4 41 19 42 40 13 25 18 dist : 452.509
999-----------------------------------
BEST : 19 41 13 25 18 47 12 46 51 27 48 6 14 24 43 7 23 26 8 31 28 3 20 35 36 22 1 32 11 38 5 49 9 50 16 2 29 21 34 30 10 39 33 45 15 44 37 17 4 42 40 19 dist : 448.153
999-----------------------------------
BEST : 14 25 18 47 12 46 51 27 6 48 23 24 43 7 26 8 31 28 3 20 35 36 29 21 34 30 9 50 16 2 22 1 32 11 38 5 49 10 39 33 45 15 44 37 17 4 41 19 42 40 13 14 dist : 451.726
999-----------------------------------
BEST : 17 37 44 15 45 33 10 39 30 34 50 16 2 22 1 32 11 38 5 49 9 21 29 20 35 36 3 28 31 8 26 7 23 24 43 6 48 27 51 46 12 47 4 18 14 25 13 41 19 40 42 17 dist : 444.834

AVG : 447.666